                Monatswerte der Station 10616 Hahn                                              
 STAT JJJJMM   QN    TNN    TNM    TMM    TXM    TXX    SOS    NMM    RSS    RSX    FMM    FXX
----- ------   -- ------ ------ ------ ------ ------ ------ ------ ------ ------ ------ ------
10616;201102;1;-9.7;-0.9;1.4;3.7;11.2;48.0;6.9;27.6;4.7;2.9;18.9
10616;201101;3;-9.0;-1.2;0.9;3.0;11.8;62.5;6.4;56.1;9.1;2.7;18.1
10616;201012;3;-11.6;-5.6;-3.6;-1.6;2.8;17.2;7.4;56.5;10.9;2.7;19.2
10616;201011;3;-6.0;2.6;4.2;5.9;15.3;19.3;7.5;60.9;11.0;2.7;22.2
10616;201010;3;-3.1;4.9;7.7;11.1;21.3;119.8;5.5;31.7;7.2;2.7;15.1
10616;201009;3;4.1;8.5;11.8;15.5;21.3;152.7;5.7;68.2;19.3;2.6;15.7
10616;201008;3;7.1;12.1;15.8;19.6;27.1;157.4;5.9;118.9;22.0;2.3;14.5
10616;201007;3;9.8;14.5;19.4;24.3;32.4;286.1;4.5;103.0;31.4;2.2;20.5
10616;201006;3;5.1;11.6;16.1;20.6;27.1;266.0;5.2;40.2;11.5;2.3;19.2
10616;201005;3;0.4;6.0;9.5;13.2;24.4;122.1;6.1;95.0;16.0;2.2;14.7
10616;201004;3;-2.7;3.8;8.6;13.5;23.7;227.1;4.3;9.7;3.2;2.7;16.8
10616;201003;3;-9.0;0.5;3.8;7.4;18.4;132.0;5.7;51.3;12.6;3.0;18.2
10616;201002;3;-9.1;-2.3;-0.4;1.9;10.6;35.2;7.2;39.8;7.3;3.0;33.9
10616;201001;3;-12.3;-5.6;-3.7;-2.2;4.3;20.6;7.2;43.4;9.5;2.8;16.3
10616;200912;3;-18.1;-2.4;0.3;2.6;9.6;31.7;6.8;68.8;11.6;3.0;17.3
10616;200911;3;-2.1;4.4;6.9;9.5;15.0;44.7;6.7;114.3;14.3;3.2;19.3
10616;200910;3;-2.8;5.1;8.2;11.3;21.1;83.0;6.0;73.9;17.1;2.7;16.9
10616;200909;3;7.3;10.6;14.1;18.1;26.5;149.4;5.2;33.9;12.4;2.5;19.9
10616;200908;3;8.7;13.5;18.4;23.2;32.1;253.0;4.1;29.3;7.7;2.2;15.6
10616;200907;3;8.9;13.0;17.0;21.2;26.2;204.7;5.6;87.5;13.5;2.5;14.7
10616;200906;3;4.6;10.3;14.4;18.7;24.7;217.0;5.3;116.2;34.7;2.3;16.0
10616;200905;3;2.9;8.4;13.1;17.4;26.9;199.5;5.1;49.3;13.3;2.6;13.7
10616;200904;3;1.8;6.9;11.3;15.9;21.7;209.1;4.2;48.6;17.7;2.4;15.7
10616;200903;3;-2.5;0.8;3.9;7.2;13.4;100.0;5.9;72.9;22.8;2.6;17.4
10616;200902;10;-7.8;-1.9;0.4;2.8;10.7;47.8;6.7;42.6;7.9;2.7;21.3
10616;200901;10;-12.0;-4.9;-2.4;0.2;7.1;77.0;5.4;43.2;23.0;2.8;19.8
10616;200812;10;-6.6;-2.2;-0.2;1.5;7.7;42.3;6.2;38.0;6.1;2.7;16.2
10616;200811;10;-5.2;2.0;4.3;6.5;13.9;34.5;6.8;29.9;7.4;2.8;20.9
10616;200810;10;0.4;5.1;8.4;11.7;19.3;84.2;6.1;76.4;14.7;2.4;19.3
10616;200809;10;3.2;7.4;11.1;14.8;22.3;124.5;5.3;56.4;11.9;2.8;16.3
10616;200808;10;8.7;12.2;16.2;20.5;27.0;171.0;5.3;58.2;22.8;2.6;16.7
10616;200807;10;8.0;12.5;16.8;21.7;30.3;216.5;5.1;84.6;42.8;2.4;21.1
10616;200806;10;5.7;11.5;15.7;20.4;27.8;223.3;5.3;39.5;11.0;2.2;14.3
10616;200805;10;4.4;10.0;14.4;18.8;25.3;237.8;4.4;46.3;12.5;2.7;18.8
10616;200804;10;-4.0;2.9;6.2;9.9;17.8;105.2;6.5;71.8;11.2;2.5;13.5
10616;200803;10;-6.6;0.4;3.1;6.2;18.0;56.8;6.7;100.4;16.2;3.2;29.7
10616;200802;10;-6.0;0.1;3.2;6.8;11.8;142.6;4.5;73.5;25.3;3.1;22.3
10616;200801;10;-5.1;0.5;2.9;5.0;11.5;41.6;6.7;46.0;9.8;3.5;19.9
10616;200712;10;-8.3;-1.4;0.8;3.1;10.4;70.2;5.7;75.7;19.2;3.0;23.9
10616;200711;10;-5.1;0.8;2.9;5.0;11.0;37.9;6.7;54.7;11.5;2.8;20.6
10616;200710;10;-2.1;4.9;8.1;11.5;19.4;128.0;5.1;20.1;8.7;2.4;15.2
10616;200709;10;4.1;8.4;11.6;15.2;21.6;143.6;5.4;76.0;38.0;2.4;14.6
10616;200708;10;6.5;11.8;15.6;19.6;28.6;203.2;5.2;52.9;17.4;2.5;14.5
10616;200707;10;6.3;11.6;15.6;19.7;31.1;217.0;5.3;94.3;16.4;2.8;16.4
10616;200706;10;7.4;12.0;15.8;20.1;26.8;168.3;6.0;82.5;13.7;2.6;16.6
10616;200705;10;2.6;9.0;13.2;17.6;26.8;188.8;5.4;95.0;18.5;2.8;23.3
10616;200704;10;0.5;6.8;12.5;17.6;24.2;318.5;3.2;0.3;0.2;2.5;15.7
10616;200703;10;-2.0;1.9;5.2;8.8;13.8;157.7;4.9;76.1;17.8;2.8;24.1
10616;200702;10;-2.5;1.1;3.7;6.5;11.2;75.2;6.5;80.4;10.7;2.9;19.8
10616;200701;10;-9.2;1.4;3.8;5.8;11.5;37.9;6.8;76.2;10.0;3.5;29.6
10616;200612;10;-6.0;0.9;3.2;5.7;12.2;53.4;6.5;54.1;14.5;3.0;24.6
10616;200611;10;-2.2;3.5;6.3;9.0;16.5;57.8;6.5;50.4;7.7;3.2;18.9
10616;200610;10;3.7;8.6;11.6;14.8;20.6;125.9;5.8;73.9;29.6;2.9;21.0
10616;200609;10;7.2;12.5;16.3;20.4;25.2;200.4;4.7;12.2;4.7;2.5;17.7
10616;200608;10;7.3;10.8;13.8;18.0;24.0;118.4;6.5;141.0;24.0;2.5;15.7
10616;200607;10;12.1;16.6;21.5;26.8;32.3;326.5;3.5;52.0;30.5;2.4;16.4
10616;200606;10;4.2;11.3;16.0;20.6;28.6;276.6;4.3;57.6;40.8;2.3;16.9
10616;200605;10;-0.7;8.0;12.2;16.5;21.7;185.5;5.9;95.4;17.0;3.0;20.5
10616;200604;10;-2.1;3.7;7.3;11.2;19.2;157.8;5.8;51.4;8.1;2.5;16.5
10616;200603;10;-8.8;-1.7;1.3;4.8;14.9;121.4;6.0;82.6;18.1;3.0;19.5
10616;200602;10;-10.1;-2.7;-0.6;1.5;6.7;40.4;6.9;38.7;9.6;2.9;18.1
10616;200601;10;-10.8;-5.1;-2.5;-0.1;5.2;87.4;5.8;19.4;7.2;3.0;16.9
10616;200512;10;-7.3;-2.2;-0.2;1.3;6.4;39.0;6.9;55.6;10.3;2.8;19.7
10616;200511;10;-4.3;1.3;3.6;5.9;16.5;57.8;6.4;33.1;9.3;2.6;18.2
10616;200510;10;1.6;7.5;10.8;14.8;20.0;159.2;4.8;44.0;13.8;2.9;19.7
10616;200509;10;3.5;10.9;14.9;19.3;27.2;203.3;4.1;41.7;10.9;2.6;14.6
10616;200508;10;7.6;11.0;14.8;19.2;26.9;177.6;5.1;56.2;28.3;2.8;16.3
10616;200507;10;8.2;12.9;17.0;21.8;29.4;218.3;5.3;53.2;8.9;2.7;20.9
10616;200506;10;3.5;11.2;16.1;20.9;29.7;257.2;4.8;46.9;13.7;2.4;19.7
10616;200505;10;0.8;7.1;11.7;16.1;28.6;210.4;5.4;86.6;17.3;2.6;19.6
10616;200504;10;-0.3;4.7;8.6;12.7;22.0;169.7;5.4;81.4;17.3;2.5;18.7
10616;200503;10;-11.9;1.1;4.1;7.2;17.1;125.2;6.2;40.0;6.0;2.7;19.1
10616;200502;10;-14.0;-4.2;-2.0;0.2;9.3;80.8;6.1;73.4;14.4;2.9;26.6
10616;200501;10;-9.2;-1.0;1.0;3.1;11.4;57.2;6.5;63.1;12.2;3.6;27.8
10616;200412;10;-8.7;-3.0;-0.7;1.5;7.4;55.5;6.2;37.9;8.3;2.7;20.3
10616;200411;10;-4.3;1.3;3.2;5.1;11.3;37.6;6.7;56.4;11.6;2.8;26.5
10616;200410;10;0.6;6.4;9.5;12.5;21.3;89.9;6.2;49.3;8.8;3.0;21.6
10616;200409;10;6.0;9.9;13.7;17.6;24.8;200.0;4.8;43.5;10.3;2.9;20.2
10616;200408;10;8.0;13.4;17.1;21.6;28.1;190.8;5.5;161.7;35.8;2.8;18.2
10616;200407;10;7.8;11.8;15.8;20.1;27.0;209.9;5.4;98.7;20.6;2.5;22.1
10616;200406;10;5.6;10.3;14.5;18.8;28.0;227.6;5.4;46.7;9.5;2.7;21.1
10616;200405;10;1.6;6.7;10.5;14.5;21.8;222.9;5.0;77.8;35.2;2.5;14.4
10616;200404;10;-0.6;4.7;8.5;12.9;21.2;182.6;5.4;53.5;13.2;2.9;17.8
10616;200403;10;-7.3;0.1;3.4;7.2;21.0;144.7;5.2;32.5;9.9;3.0;23.3
10616;200402;10;-7.9;-0.3;1.8;4.0;13.4;65.5;6.3;38.6;9.8;3.2;26.7
10616;200401;10;-10.4;-2.5;-0.3;1.9;10.0;26.8;6.9;91.8;17.2;3.4;26.5
10616;200312;10;-6.3;-1.1;1.2;3.6;8.9;59.8;5.9;43.3;13.6;3.1;24.6
10616;200311;10;-1.2;3.0;5.8;8.4;15.2;75.2;6.2;50.4;15.6;3.0;19.4
10616;200310;10;-5.8;2.5;5.5;8.7;19.3;112.1;5.7;55.7;10.8;3.0;19.7
10616;200309;10;3.6;9.3;13.8;18.8;27.7;241.4;4.1;54.4;24.9;2.4;15.0
10616;200308;10;8.1;15.3;20.8;26.6;35.3;305.4;3.4;35.0;8.8;2.3;15.7
10616;200307;10;10.9;13.6;18.0;23.0;32.2;254.3;4.6;38.6;7.5;2.5;20.4
10616;200306;10;8.1;13.2;18.4;23.8;28.9;294.4;4.5;60.8;18.7;2.4;21.4
10616;200305;10;3.1;8.6;12.6;17.0;25.0;205.8;5.7;88.3;28.3;2.7;17.6
10616;200304;10;-5.9;3.0;7.9;12.6;22.0;227.9;4.6;32.8;7.2;3.0;20.2
10616;200303;10;-3.2;2.3;6.3;10.9;18.2;196.2;4.3;30.4;8.3;2.7;18.3
10616;200302;10;-10.7;-4.6;-1.4;1.8;12.4;152.4;4.1;18.4;7.9;3.0;17.0
10616;200301;10;-15.5;-3.6;-1.1;1.3;10.4;55.6;6.3;111.8;43.6;3.4;27.3
10616;200212;10;-10.4;-0.1;1.7;3.9;10.9;38.4;6.8;76.0;17.6;3.2;19.4
10616;200211;10;-0.2;4.0;6.1;8.3;12.6;31.8;6.9;109.7;28.0;2.8;19.5
10616;200210;10;-0.2;5.1;8.1;11.1;17.8;72.4;6.5;110.3;20.1;3.1;32.1
10616;200209;10;2.5;8.3;12.0;16.0;21.4;194.3;4.9;28.9;8.8;2.5;15.2
10616;200208;10;10.4;13.4;16.9;21.0;27.4;156.0;5.5;154.1;40.2;2.3;13.8
10616;200207;10;8.1;12.1;16.1;20.1;29.0;150.7;5.5;76.2;26.4;2.5;17.5
10616;200206;10;5.9;11.4;16.2;20.9;32.9;222.9;5.0;44.9;15.2;2.5;15.7
10616;200205;10;1.4;7.9;12.0;16.1;25.8;183.1;5.9;65.3;32.4;2.6;17.1
10616;200204;10;-2.7;3.2;7.4;11.7;19.4;192.1;4.6;55.5;12.3;3.0;20.2
10616;200203;10;-3.6;1.4;5.2;9.1;16.0;147.8;5.1;72.0;20.2;2.9;20.0
10616;200202;10;-4.6;1.3;4.4;7.1;14.5;77.9;6.1;181.8;24.3;4.1;24.7
10616;200201;10;-13.1;-2.6;0.0;2.3;11.6;69.8;6.0;35.9;7.5;3.1;25.0
10616;200112;10;-11.2;-2.9;-0.6;1.6;9.9;62.1;5.9;56.0;14.6;3.2;21.0
10616;200111;10;-6.2;0.5;3.1;5.5;10.9;86.3;5.9;134.4;26.2;2.8;22.4
10616;200110;10;4.6;8.9;11.9;15.2;22.7;114.6;5.3;58.7;19.3;2.9;19.4
10616;200109;10;2.9;7.6;10.3;13.5;19.8;78.1;6.4;99.8;18.7;2.9;19.3
10616;200108;10;7.9;13.5;17.8;22.4;30.4;223.7;4.6;48.1;12.6;2.5;15.8
10616;200107;10;9.9;13.1;17.4;22.1;29.0;246.4;4.7;83.4;25.4;2.7;22.2
10616;200106;10;4.2;9.0;13.4;18.3;26.7;208.5;5.3;105.4;29.4;2.5;17.8
10616;200105;10;3.1;9.1;13.6;18.3;24.0;271.0;4.5;23.0;9.7;2.7;16.7
10616;200104;10;-4.9;2.4;5.9;9.8;18.9;114.0;6.1;84.9;10.3;3.0;18.2
10616;200103;10;-4.8;1.8;4.2;7.2;12.4;54.2;6.9;153.2;22.0;3.0;18.0
10616;200102;10;-8.3;-0.5;2.3;5.3;12.8;77.8;6.2;62.8;11.1;3.1;20.0
10616;200101;10;-9.2;-1.8;0.8;3.1;9.9;74.8;5.9;65.3;10.0;3.1;23.0
10616;200012;10;-7.5;0.7;2.7;5.4;12.5;42.0;6.4;67.6;18.5;3.1;26.0
10616;200011;10;-1.6;2.8;5.1;7.5;12.3;37.4;6.6;75.4;13.3;3.2;18.0
10616;200010;10;1.0;6.5;8.9;12.2;16.7;76.3;6.0;69.1;12.3;3.1;26.0
10616;200009;10;6.3;10.6;13.4;17.0;23.5;103.7;5.8;138.7;30.4;2.6;20.0
10616;200008;10;9.7;13.0;17.3;21.8;27.2;247.3;4.2;50.8;17.5;2.2;24.0
10616;200007;10;6.3;10.6;13.5;17.6;25.2;126.8;6.1;266.1;36.0;2.8;35.0
10616;200006;10;4.7;11.2;15.9;20.6;29.9;274.8;4.3;61.4;18.7;2.5;15.0
10616;200005;10;3.9;9.5;13.4;17.7;25.2;181.4;5.7;83.3;27.4;2.6;21.0
10616;200004;10;-1.5;4.6;8.8;13.3;22.5;177.5;5.6;43.6;8.2;2.8;24.0
10616;200003;10;-3.7;2.1;4.5;7.4;15.6;76.2;6.7;82.5;15.7;3.1;25.0
10616;200002;10;-3.3;0.6;3.2;6.1;12.2;84.3;6.2;74.7;9.1;3.3;21.0
10616;200001;10;-11.7;-1.6;0.7;2.5;8.2;54.3;6.3;43.2;14.9;2.9;22.0
10616;199912;10;-7.8;-0.6;1.2;3.1;9.3;23.4;7.2;126.8;21.4;3.6;27.0
10616;199911;10;-7.0;0.3;2.7;5.0;15.6;56.6;6.5;53.7;11.4;2.8;15.0
10616;199910;10;-0.8;5.3;8.0;11.4;16.8;119.2;5.0;56.1;15.0;3.0;18.0
10616;199909;10;8.3;12.3;16.4;20.9;27.7;188.1;4.7;49.6;11.2;2.7;15.0
10616;199908;10;7.6;12.6;16.4;20.9;26.6;189.4;5.1;45.0;13.6;2.5;18.0
10616;199907;10;9.1;13.7;18.0;22.4;28.5;252.0;4.7;65.7;20.6;2.6;14.0
10616;199906;10;5.6;9.9;14.0;18.7;26.5;205.7;5.0;88.4;14.1;2.6;16.0